Id	Pere	Mere	Sexe	Bande	PdsFinal	RTN	Lard	
7637	9170038	9070877	1	9206	122.00	81.40	26.33
7638	9170038	9070877	1	9206	112.00	91.80	27.33
7639	9170038	9070877	1	9206	110.00	91.70	29.00
7640	9170038	9070877	1	9206	121.00	79.20	20.00
7641	9170038	9070877	1	9206	103.00	79.70	26.33
7642	9170038	9070877	1	9206	117.00	86.10	23.33
7645	9170038	9070877	2	9206	110.00	81.60	18.33
7646	9170038	9070877	2	9206	90.00	89.40	14.00
7647	9170038	9070877	2	9206	100.00	89.60	19.00
7648	9170038	9070877	2	9206	104.00	82.50	19.67
7578	9170038	9070878	1	9206	109.00	78.70	26.33
7579	9170038	9070878	1	9206	114.00	85.40	30.67
7582	9170038	9070878	1	9206	109.00	86.10	22.00
7583	9170038	9070878	1	9206	114.00	81.70	25.00
7584	9170038	9070878	2	9206	101.00	96.90	19.00
7585	9170038	9070878	2	9206	112.00	99.80	19.00
7586	9170038	9070878	2	9206	111.00	80.60	26.33
7587	9170038	9070878	2	9206	123.00	81.30	24.00
8564	9170039	9170102	1	9210	103.00	87.60	26.67
8565	9170039	9170102	1	9210	101.00	84.40	28.67
8566	9170039	9170102	1	9210	103.00	89.10	27.67
8567	9170039	9170102	1	9210	119.00	90.10	25.67
8569	9170039	9170102	2	9210	110.00	85.90	23.67
8551	9170039	9170103	1	9210	99.00	93.10	26.00
8552	9170039	9170103	1	9210	110.00	94.30	28.33
8553	9170039	9170103	1	9210	109.00	89.80	25.33
8554	9170039	9170103	1	9210	101.00	81.80	27.00
8555	9170039	9170103	1	9210	105.00	86.00	30.67
8556	9170039	9170103	2	9210	105.00	89.70	27.00
8557	9170039	9170103	2	9210	94.00	85.40	25.33
8558	9170039	9170103	2	9210	97.00	82.10	25.00
8559	9170039	9170103	2	9210	105.00	90.90	27.00
8560	9170039	9170103	2	9210	104.00	90.90	21.67
8561	9170039	9170103	2	9210	99.00	81.00	24.67
8562	9170039	9170103	2	9210	98.00	87.20	25.00
8563	9170039	9170103	2	9210	105.00	81.20	27.00
7867	9170040	9170024	1	9207	98.00	94.40	27.33
7868	9170040	9170024	1	9207	111.00	99.20	27.00
7869	9170040	9170024	2	9207	101.00	99.10	24.00
7870	9170040	9170024	2	9207	108.00	100.50	29.33
8126	9170040	9170026	1	9208	111.00	85.30	26.67
8127	9170040	9170026	1	9208	105.00	84.70	30.67
8128	9170040	9170026	1	9208	107.00	92.40	26.67
8129	9170040	9170026	1	9208	103.00	88.20	22.33
8131	9170040	9170026	2	9208	103.00	84.60	23.00
8132	9170040	9170026	2	9208	103.00	92.50	21.67
8133	9170040	9170026	2	9208	104.00	92.50	25.33
8134	9170040	9170026	2	9208	105.00	83.90	26.67
8135	9170040	9170026	2	9208	99.00	86.10	24.33
1826	9170040	9170026	1	9215	102.00	85.90	25.00
1827	9170040	9170026	1	9215	98.00	86.20	22.67
1828	9170040	9170026	1	9215	105.00	88.10	29.67
1829	9170040	9170026	1	9215	106.00	95.20	27.67
1830	9170040	9170026	2	9215	101.00	91.70	20.00
1832	9170040	9170026	2	9215	107.00	91.50	24.33
1833	9170040	9170026	2	9215	99.00	95.20	20.67
8377	9170041	9170062	1	9209	113.00	81.60	31.67
8378	9170041	9170062	1	9209	108.00	76.50	32.00
8379	9170041	9170062	1	9209	116.00	80.30	32.00
8381	9170041	9170062	2	9209	104.00	81.10	25.67
8383	9170041	9170062	2	9209	91.00	79.50	22.33
8385	9170041	9170062	2	9209	111.00	79.50	24.00
8284	9170041	9170077	2	9209	109.00	81.10	19.33
8285	9170041	9170077	2	9209	106.00	81.10	23.00
8286	9170041	9170077	2	9209	112.00	81.80	22.00
8287	9170041	9170077	2	9209	105.00	80.80	23.33
8419	9170042	9170031	1	9209	108.00	88.90	38.67
8420	9170042	9170031	1	9209	102.00	89.80	34.67
8421	9170042	9170031	1	9209	110.00	85.10	32.67
8422	9170042	9170031	1	9209	109.00	86.30	34.00
8423	9170042	9170031	1	9209	111.00	87.50	30.33
8425	9170042	9170031	1	9209	106.00	86.40	38.67
8426	9170042	9170031	1	9209	114.00	87.90	37.00
8427	9170042	9170031	1	9209	103.00	90.20	36.33
8428	9170042	9170031	2	9209	109.00	87.40	32.00
8429	9170042	9170031	2	9209	108.00	87.20	32.00
8472	9170042	9170053	1	9209	113.00	87.30	29.67
8473	9170042	9170053	1	9209	90.00	89.00	20.67
8474	9170042	9170053	1	9209	104.00	86.90	30.33
8475	9170042	9170053	1	9209	104.00	89.20	23.67
8476	9170042	9170053	2	9209	106.00	88.60	22.67
8477	9170042	9170053	2	9209	102.00	87.60	20.33
8478	9170042	9170053	2	9209	101.00	87.80	23.33
8726	9170042	9170076	1	9210	86.00	89.10	22.00
8727	9170042	9170076	1	9210	93.00	84.70	22.00
8728	9170042	9170076	1	9210	106.00	93.10	29.33
8729	9170042	9170076	1	9210	93.00	76.20	23.67
8730	9170042	9170076	1	9210	107.00	86.80	23.00
8731	9170042	9170076	1	9210	98.00	83.70	26.00
8733	9170042	9170076	2	9210	104.00	87.50	26.67
8734	9170042	9170076	2	9210	91.00	87.10	26.33
8194	9170043	9170036	1	9208	112.00	83.50	26.33
8195	9170043	9170036	1	9208	109.00	84.30	27.00
8196	9170043	9170036	1	9208	110.00	82.70	27.67
8197	9170043	9170036	1	9208	107.00	77.20	26.67
8198	9170043	9170036	1	9208	105.00	77.10	20.00
8199	9170043	9170036	1	9208	108.00	76.40	21.67
8200	9170043	9170036	1	9208	104.00	77.70	20.67
8201	9170043	9170036	1	9208	109.00	77.20	22.00
8202	9170043	9170036	1	9208	106.00	73.70	21.00
8204	9170043	9170036	2	9208	99.00	80.30	24.33
8205	9170043	9170036	2	9208	110.00	87.70	24.00
8206	9170043	9170036	2	9208	106.00	84.60	22.33
8207	9170043	9170036	2	9208	105.00	77.20	24.33
8136	9170043	9170051	1	9208	107.00	81.60	18.00
8138	9170043	9170051	1	9208	107.00	81.60	25.00
8139	9170043	9170051	1	9208	112.00	79.30	23.00
8140	9170043	9170051	1	9208	90.00	83.60	14.00
8141	9170043	9170051	1	9208	114.00	76.30	22.67
8143	9170043	9170051	2	9208	108.00	77.80	22.67
8183	9170043	9170055	1	9208	88.00	80.70	26.67
8184	9170043	9170055	1	9208	95.00	77.40	20.00
8185	9170043	9170055	1	9208	110.00	83.50	27.00
8187	9170043	9170055	1	9208	113.00	84.00	23.67
8189	9170043	9170055	1	9208	114.00	87.70	24.33
8190	9170043	9170055	1	9208	112.00	86.90	29.67
8191	9170043	9170055	2	9208	110.00	83.10	25.67
8192	9170043	9170055	2	9208	104.00	77.20	22.00
8193	9170043	9170055	2	9208	104.00	78.80	23.33
8398	9170044	9170048	1	9209	109.00	82.20	29.33
8400	9170044	9170048	1	9209	92.00	80.40	24.33
8403	9170044	9170048	2	9209	96.00	80.90	23.00
8405	9170044	9170048	2	9209	103.00	81.70	27.00
8796	9170044	9170057	1	9211	105.00	78.10	24.67
8800	9170044	9170057	1	9211	109.00	79.60	26.33
8805	9170044	9170057	2	9211	98.00	80.80	19.00
8807	9170044	9170057	2	9211	115.00	80.30	22.33
8808	9170044	9170057	2	9211	106.00	82.70	24.67
8539	9170064	9170049	1	9210	101.00	83.50	26.00
8540	9170064	9170049	1	9210	91.00	85.30	23.33
8541	9170064	9170049	1	9210	113.00	77.70	32.00
8542	9170064	9170049	1	9210	105.00	80.00	31.33
8543	9170064	9170049	1	9210	111.00	81.20	27.00
8546	9170064	9170049	2	9210	107.00	74.10	32.00
8547	9170064	9170049	2	9210	105.00	75.60	22.33
8548	9170064	9170049	2	9210	99.00	75.20	27.00
8549	9170064	9170049	2	9210	111.00	74.00	28.67
8713	9170064	9170054	1	9210	122.00	72.90	34.00
8714	9170064	9170054	1	9210	109.00	77.60	31.33
8716	9170064	9170054	1	9210	111.00	79.60	30.00
8717	9170064	9170054	1	9210	107.00	90.70	29.67
8718	9170064	9170054	1	9210	117.00	82.40	30.67
8719	9170064	9170054	1	9210	115.00	93.00	27.00
8720	9170064	9170054	1	9210	110.00	81.90	32.00
8721	9170064	9170054	1	9210	94.00	72.20	29.00
8723	9170064	9170054	2	9210	112.00	88.60	22.33
8724	9170064	9170054	2	9210	106.00	83.30	25.33
8725	9170064	9170054	2	9210	96.00	88.10	28.00
8618	9170064	9170079	1	9210	128.00	91.00	36.00
8621	9170064	9170079	1	9210	102.00	79.20	33.33
8622	9170064	9170079	2	9210	108.00	90.10	27.33
8623	9170064	9170079	2	9210	115.00	83.20	29.67
8625	9170064	9170079	2	9210	108.00	75.30	22.33
8626	9170064	9170079	2	9210	107.00	89.40	28.33
8036	9170065	9070895	1	9208	115.00	85.10	29.00
8037	9170065	9070895	1	9208	110.00	90.40	27.33
8038	9170065	9070895	1	9208	120.00	82.80	28.33
8039	9170065	9070895	1	9208	110.00	86.60	27.33
8040	9170065	9070895	1	9208	113.00	92.40	28.33
8041	9170065	9070895	1	9208	111.00	84.80	26.33
8042	9170065	9070895	1	9208	118.00	83.80	25.00
8043	9170065	9070895	2	9208	81.00	77.60	17.33
8045	9170065	9070895	2	9208	113.00	86.70	19.33
8273	9170065	9170033	1	9209	104.00	84.50	30.33
8274	9170065	9170033	1	9209	108.00	82.80	33.00
8276	9170065	9170033	2	9209	86.00	88.80	22.00
8278	9170065	9170033	2	9209	103.00	83.40	27.00
8279	9170065	9170033	2	9209	93.00	84.70	19.00
8280	9170065	9170033	2	9209	102.00	86.90	23.33
8281	9170065	9170033	2	9209	108.00	87.80	26.33
8675	9170066	9170075	1	9210	105.00	79.10	30.67
8676	9170066	9170075	1	9210	94.00	85.00	22.33
8677	9170066	9170075	1	9210	111.00	74.00	29.00
8678	9170066	9170075	1	9210	92.00	83.60	23.67
8679	9170066	9170075	1	9210	109.00	77.40	23.33
8680	9170066	9170075	1	9210	115.00	76.00	27.00
8682	9170066	9170075	2	9210	95.00	89.90	18.00
1328	9170971	9070877	2	9213	110.00	74.80	18.00
1329	9170971	9070877	2	9213	123.00	73.70	21.67
1330	9170971	9070877	2	9213	107.00	86.20	21.67
1331	9170971	9070877	2	9213	106.00	89.30	19.67
1333	9170971	9070877	2	9213	114.00	78.70	23.33
1334	9170971	9070877	2	9213	98.00	77.70	16.67
1335	9170971	9070877	2	9213	102.00	79.40	17.00
1336	9170971	9070877	1	9213	117.00	86.20	24.33
1337	9170971	9070877	1	9213	109.00	76.60	23.67
1338	9170971	9070877	1	9213	114.00	80.30	24.00
1342	9170971	9070877	1	9213	117.00	77.70	25.67
7892	9170971	9170030	1	9207	110.00	90.10	28.00
7895	9170971	9170030	2	9207	109.00	89.90	25.00
7896	9170971	9170030	2	9207	109.00	80.10	21.33
7897	9170971	9170030	2	9207	114.00	84.20	27.00
7898	9170971	9170030	2	9207	105.00	84.50	19.33
7899	9170971	9170030	2	9207	115.00	83.10	24.00
7902	9170971	9170030	2	9207	101.00	90.20	21.67
7921	9170971	9170061	1	9207	109.00	81.30	25.67
7922	9170971	9170061	1	9207	111.00	86.50	24.67
7923	9170971	9170061	1	9207	110.00	81.70	26.67
7924	9170971	9170061	1	9207	113.00	86.10	23.33
7925	9170971	9170061	1	9207	112.00	79.30	26.67
7926	9170971	9170061	1	9207	110.00	81.10	26.00
7928	9170971	9170061	2	9207	102.00	85.50	23.00
7929	9170971	9170061	2	9207	103.00	79.90	19.67
7930	9170971	9170061	2	9207	111.00	83.30	24.33
7685	9170975	9170027	1	9206	108.00	86.30	28.00
7686	9170975	9170027	1	9206	106.00	86.00	32.00
7687	9170975	9170027	1	9206	108.00	81.70	26.00
7688	9170975	9170027	1	9206	110.00	84.40	29.00
7689	9170975	9170027	1	9206	114.00	87.50	33.00
7692	9170975	9170027	1	9206	110.00	82.80	33.33
7693	9170975	9170027	1	9206	105.00	87.10	24.00
7694	9170975	9170027	2	9206	108.00	89.80	21.67
7695	9170975	9170027	2	9206	110.00	80.70	21.67
7762	9170975	9170035	1	9207	113.00	85.60	25.67
7764	9170975	9170035	1	9207	116.00	89.20	27.00
7765	9170975	9170035	1	9207	111.00	92.90	31.33
7766	9170975	9170035	2	9207	126.00	98.30	29.67
7767	9170975	9170035	2	9207	98.00	88.80	25.67
7768	9170975	9170035	2	9207	97.00	97.20	22.67
7769	9170975	9170035	2	9207	94.00	93.90	22.67
7770	9170975	9170035	2	9207	109.00	89.90	26.33
7771	9170975	9170035	2	9207	108.00	86.80	29.67
7772	9170975	9170035	2	9207	108.00	88.30	24.67
7375	9170990	9070864	1	9205	96.00	80.70	25.00
7376	9170990	9070864	1	9205	103.00	93.50	20.67
7379	9170990	9070864	1	9205	107.00	83.20	24.33
7380	9170990	9070864	2	9205	100.00	95.70	23.00
7381	9170990	9070864	2	9205	91.00	82.10	23.67
7382	9170990	9070864	2	9205	93.00	83.40	25.00
7383	9170990	9070864	2	9205	103.00	83.50	27.00
7384	9170990	9070865	1	9205	105.00	74.00	30.67
7385	9170990	9070865	1	9205	97.00	83.80	26.67
7386	9170990	9070865	1	9205	100.00	82.90	23.67
7388	9170990	9070865	1	9205	79.00	84.00	21.67
7389	9170990	9070865	1	9205	108.00	88.20	23.67
7390	9170990	9070865	1	9205	106.00	86.80	30.00
7391	9170990	9070865	2	9205	94.00	81.80	16.00
7392	9170990	9070865	2	9205	98.00	80.90	23.67
7842	9170991	9170058	1	9207	113.00	84.90	30.00
7843	9170991	9170058	1	9207	110.00	95.60	27.33
7844	9170991	9170058	1	9207	115.00	87.70	27.00
7845	9170991	9170058	1	9207	114.00	92.50	27.33
7846	9170991	9170058	1	9207	104.00	85.20	26.33
7847	9170991	9170058	1	9207	100.00	88.00	28.67
7849	9170991	9170058	2	9207	108.00	95.00	27.33
7851	9170991	9170058	2	9207	106.00	90.90	25.33
7852	9170991	9170058	2	9207	103.00	92.00	24.00
7853	9170991	9170058	2	9207	105.00	90.50	25.67
7914	9170991	9170059	1	9207	106.00	93.40	27.67
7915	9170991	9170059	1	9207	101.00	88.60	26.33
7916	9170991	9170059	1	9207	108.00	93.10	27.67
7917	9170991	9170059	1	9207	109.00	90.10	26.00
7918	9170991	9170059	2	9207	109.00	94.90	24.67
7920	9170991	9170059	2	9207	95.00	93.10	26.00
7677	9170992	9170032	1	9206	126.00	76.90	26.67
7678	9170992	9170032	1	9206	81.00	80.70	24.67
7680	9170992	9170032	1	9206	112.00	82.10	31.00
7681	9170992	9170032	1	9206	121.00	74.10	23.67
7683	9170992	9170032	2	9206	114.00	81.50	21.00
7684	9170992	9170032	2	9206	109.00	78.50	23.33
7696	9170992	9170034	1	9206	109.00	86.70	31.33
7697	9170992	9170034	1	9206	115.00	79.60	27.33
7698	9170992	9170034	1	9206	111.00	83.00	26.67
7699	9170992	9170034	2	9206	109.00	82.40	25.33
7700	9170992	9170034	2	9206	102.00	78.40	22.33
7701	9170992	9170034	2	9206	96.00	82.50	24.00
7702	9170992	9170034	2	9206	103.00	80.30	23.33
7704	9170992	9170034	2	9206	110.00	82.60	21.33
7705	9170992	9170034	2	9206	112.00	81.40	22.33
7706	9170992	9170034	2	9206	95.00	83.90	21.33
7423	9170993	9070875	1	9206	123.00	77.10	27.33
7424	9170993	9070875	1	9206	126.00	79.60	21.33
7425	9170993	9070875	1	9206	118.00	78.50	25.33
7426	9170993	9070875	2	9206	126.00	78.40	24.67
7427	9170993	9070875	1	9206	128.00	78.70	32.67
7428	9170993	9070875	2	9206	116.00	79.40	29.67
7588	9170993	9170028	1	9206	109.00	80.20	28.67
7589	9170993	9170028	1	9206	117.00	78.90	25.00
7590	9170993	9170028	1	9206	115.00	81.50	28.67
7591	9170993	9170028	1	9206	120.00	78.80	33.67
7592	9170993	9170028	1	9206	119.00	81.10	24.67
7593	9170993	9170028	1	9206	126.00	82.00	29.00
7594	9170993	9170028	1	9206	116.00	83.20	26.33
7595	9170993	9170028	1	9206	114.00	80.30	29.33
7596	9170993	9170028	1	9206	114.00	80.60	25.33
7597	9170993	9170028	2	9206	121.00	80.10	23.33
7598	9170993	9170028	2	9206	122.00	77.30	25.33
7599	9170993	9170028	2	9206	102.00	82.70	18.33
7600	9170993	9170028	2	9206	115.00	84.80	24.67
